(5, 1):(1, 1, 0)
(5, 3):(1, 3, 1)
(1, 1):(1, 3, 2)
(5, 4):(1, 4, 3)
(2, 5):(2, 6, 4)
(3, 5):(3, 8, 5)
(4, 5):(4, 8, 6)
(6, 5):(6, 7, 7)
(7, 5):(7, 8, 8)
(8, 5):(8, 8, 9)
(9, 1):(9, 10, 10)
(9, 10):(9, 9, 11)
(10, 11):(10, 10, 12)
(10, 1):(10, 10, 13)
(11, 1):(11, 10, 14)
(11, 10):(11, 11, 15)
(4, 6):(-1, -1, 16)
(3, 8):(4, 6, 17)
(4, 8):(4, 6, 18)
(3, 6):(4, 6, 19)
(2, 2):(-1, -1, 20)
(2, 6):(2, 2, 21)
(2, 7):(2, 2, 22)
(1, 3):(-1, -1, 23)
(9, 3):(1, 3, 24)
(11, 11):(-1, -1, 25)
(10, 10):(11, 11, 26)
(3, 0):(-1, -1, 27)
(0, 0):(3, 0, 28)
(7, 0):(3, 0, 29)
(0, 1):(-1, -1, 30)
(6, 2):(0, 1, 31)
(6, 1):(0, 1, 32)
(0, 2):(0, 1, 33)
(8, 8):(-1, -1, 34)
(7, 1):(8, 8, 35)
(7, 8):(8, 8, 36)
(8, 1):(8, 8, 37)
(6, 7):(-1, -1, 38)
(8, 7):(6, 7, 39)
(4, 7):(6, 7, 40)
(9, 9):(-1, -1, 41)
(11, 9):(9, 9, 42)
(10, 4):(-1, -1, 43)
(1, 4):(10, 4, 44)
(12, 4):(-1, -1, 45)
(45, 4):(12, 4, 46)
(4, 4):(12, 4, 47)
(2, 4):(12, 4, 48)
(19, 4):(12, 4, 49)
(30, 4):(12, 4, 50)
(46, 4):(12, 4, 51)
(3, 4):(12, 4, 52)
(47, 4):(12, 4, 53)
(20, 4):(12, 4, 54)
(32, 4):(12, 4, 55)
(21, 4):(12, 4, 56)
(31, 4):(12, 4, 57)
(20, 20):(-1, -1, 58)
(20, 18):(20, 20, 59)
(24, 20):(20, 20, 60)
(27, 20):(20, 20, 61)
(24, 18):(20, 20, 62)
(27, 18):(20, 20, 63)
(24, 19):(20, 20, 64)
(27, 19):(20, 20, 65)
(20, 19):(20, 20, 66)
(8, 0):(-1, -1, 67)
(6, 0):(8, 0, 68)
(9, 0):(8, 0, 69)
(12, 0):(8, 0, 70)
(1, 0):(8, 0, 71)
(52, 0):(8, 0, 72)
(46, 0):(8, 0, 73)
(49, 0):(8, 0, 74)
(54, 22):(-1, -1, 75)
(56, 22):(54, 22, 76)
(22, 22):(54, 22, 77)
(55, 22):(54, 22, 78)
(5, 10):(-1, -1, 79)
(38, 10):(5, 10, 80)
(16, 10):(5, 10, 81)
(17, 10):(5, 10, 82)
(23, 10):(5, 10, 83)
(18, 10):(5, 10, 84)
(40, 10):(5, 10, 85)
(24, 10):(5, 10, 86)
(39, 10):(5, 10, 87)
(25, 10):(5, 10, 88)
(42, 11):(-1, -1, 89)
(5, 11):(42, 11, 90)
(35, 11):(42, 11, 91)
(30, 11):(42, 11, 92)
(38, 11):(42, 11, 93)
(19, 18):(-1, -1, 94)
(23, 18):(19, 18, 95)
(26, 18):(19, 18, 96)
(23, 17):(19, 18, 97)
(19, 17):(19, 18, 98)
(26, 17):(19, 18, 99)
(26, 16):(19, 18, 100)
(23, 16):(19, 18, 101)
(19, 16):(19, 18, 102)
(43, 12):(-1, -1, 103)
(44, 12):(43, 12, 104)
(42, 12):(43, 12, 105)
(6, 12):(43, 12, 106)
(11, 12):(43, 12, 107)
(33, 12):(43, 12, 108)
(8, 12):(43, 12, 109)
(15, 5):(-1, -1, 110)
(15, 6):(15, 5, 111)
(18, 5):(15, 5, 112)
(18, 6):(15, 5, 113)
(18, 8):(15, 5, 114)
(15, 8):(15, 5, 115)
(48, 29):(-1, -1, 116)
(48, 30):(48, 29, 117)
(45, 29):(48, 29, 118)
(51, 30):(48, 29, 119)
(51, 29):(48, 29, 120)
(45, 30):(48, 29, 121)
(47, 30):(48, 29, 122)
(53, 30):(48, 29, 123)
(53, 29):(48, 29, 124)
(47, 29):(48, 29, 125)
(50, 29):(48, 29, 126)
(50, 30):(48, 29, 127)
(36, 9):(-1, -1, 128)
(43, 9):(36, 9, 129)
(31, 9):(36, 9, 130)
(39, 9):(36, 9, 131)
(5, 9):(36, 9, 132)
(10, 9):(36, 9, 133)
(8, 2):(-1, -1, 134)
(1, 2):(8, 2, 135)
(9, 2):(8, 2, 136)
(12, 2):(8, 2, 137)
(7, 2):(8, 2, 138)
(48, 2):(8, 2, 139)
(45, 2):(8, 2, 140)
(51, 2):(8, 2, 141)
(34, 21):(-1, -1, 142)
(22, 21):(34, 21, 143)
(33, 21):(34, 21, 144)
(29, 21):(34, 21, 145)
(41, 21):(34, 21, 146)
(57, 21):(34, 21, 147)
(54, 21):(34, 21, 148)
(14, 15):(-1, -1, 149)
(15, 15):(14, 15, 150)
(13, 15):(14, 15, 151)
(37, 15):(14, 15, 152)
(35, 15):(14, 15, 153)
(36, 15):(14, 15, 154)
(54, 33):(-1, -1, 155)
(57, 33):(54, 33, 156)
(56, 33):(54, 33, 157)
(59, 33):(54, 33, 158)
(59, 34):(54, 33, 159)
(57, 34):(54, 33, 160)
(56, 34):(54, 33, 161)
(54, 34):(54, 33, 162)
(37, 26):(-1, -1, 163)
(40, 26):(37, 26, 164)
(44, 26):(37, 26, 165)
(32, 26):(37, 26, 166)
(39, 28):(37, 26, 167)
(43, 28):(37, 26, 168)
(37, 28):(37, 26, 169)
(36, 26):(37, 26, 170)
(31, 26):(37, 26, 171)
(44, 28):(37, 26, 172)
(43, 26):(37, 26, 173)
(40, 28):(37, 26, 174)
(36, 28):(37, 26, 175)
(31, 28):(37, 26, 176)
(32, 28):(37, 26, 177)
(39, 26):(37, 26, 178)
(38, 26):(-1, -1, 179)
(42, 26):(38, 26, 180)
(35, 26):(38, 26, 181)
(30, 26):(38, 26, 182)
(40, 27):(38, 26, 183)
(35, 27):(38, 26, 184)
(32, 27):(38, 26, 185)
(30, 27):(38, 26, 186)
(42, 27):(38, 26, 187)
(37, 27):(38, 26, 188)
(38, 27):(38, 26, 189)
(44, 27):(38, 26, 190)
(58, 33):(-1, -1, 191)
(58, 35):(58, 33, 192)
(59, 35):(58, 33, 193)
(55, 35):(58, 33, 194)
(56, 35):(58, 33, 195)
(55, 33):(58, 33, 196)
(16, 6):(-1, -1, 197)
(13, 6):(16, 6, 198)
(16, 5):(16, 6, 199)
(13, 5):(16, 6, 200)
(2, 3):(16, 6, 201)
(13, 3):(16, 6, 202)
(16, 3):(16, 6, 203)
(25, 18):(-1, -1, 204)
(28, 18):(25, 18, 205)
(21, 18):(25, 18, 206)
(21, 20):(25, 18, 207)
(28, 20):(25, 18, 208)
(25, 20):(25, 18, 209)
(28, 17):(25, 18, 210)
(25, 17):(25, 18, 211)
(21, 17):(25, 18, 212)
(14, 8):(-1, -1, 213)
(14, 6):(14, 8, 214)
(17, 6):(14, 8, 215)
(17, 8):(14, 8, 216)
(14, 7):(14, 8, 217)
(3, 7):(14, 8, 218)
(17, 7):(14, 8, 219)
(34, 23):(-1, -1, 220)
(33, 23):(34, 23, 221)
(29, 23):(34, 23, 222)
(41, 23):(34, 23, 223)
(22, 23):(34, 23, 224)
(55, 23):(34, 23, 225)
(58, 23):(34, 23, 226)
(50, 31):(-1, -1, 227)
(47, 31):(50, 31, 228)
(53, 31):(50, 31, 229)
(46, 30):(50, 31, 230)
(49, 30):(50, 31, 231)
(46, 31):(50, 31, 232)
(52, 30):(50, 31, 233)
(49, 31):(50, 31, 234)
(52, 31):(50, 31, 235)
(28, 24):(-1, -1, 236)
(26, 24):(28, 24, 237)
(27, 24):(28, 24, 238)
(49, 32):(-1, -1, 239)
(50, 32):(49, 32, 240)
(48, 32):(49, 32, 241)
(51, 13):(-1, -1, 242)
(53, 13):(51, 13, 243)
(52, 13):(51, 13, 244)
(9, 13):(51, 13, 245)
(34, 13):(51, 13, 246)
(7, 13):(51, 13, 247)
(41, 25):(-1, -1, 248)
(29, 25):(41, 25, 249)
(57, 25):(41, 25, 250)
(59, 25):(41, 25, 251)
(58, 25):(41, 25, 252)
(10, 14):(-1, -1, 253)
