(1, 0):(0, 0, 0)
(0, 2):(0, 1, 1)
(1, 1):(0, 1, 2)
(1, 2):(0, 1, 3)
(0, 0):(0, 1, 4)
(0, 1):(-1, -1, 5)
(2, 3):(2, 5, 6)
(2, 5):(2, 6, 7)
(3, 7):(3, 8, 8)
(3, 3):(3, 8, 9)
(4, 3):(4, 5, 10)
(8, 0):(6, 0, 11)
(8, 2):(6, 2, 12)
(8, 12):(6, 12, 13)
(9, 0):(7, 0, 14)
(9, 2):(7, 2, 15)
(9, 13):(7, 13, 16)
(10, 9):(10, 14, 17)
(10, 11):(10, 14, 18)
(10, 14):(-1, -1, 19)
(13, 3):(13, 5, 20)
(13, 5):(13, 6, 21)
(14, 3):(14, 8, 22)
(14, 7):(14, 8, 23)
(15, 3):(15, 7, 24)
(16, 3):(16, 5, 25)
(16, 5):(16, 6, 26)
(17, 7):(17, 8, 27)
(17, 3):(17, 8, 28)
(18, 3):(18, 5, 29)
(19, 16):(19, 17, 30)
(19, 18):(19, 17, 31)
(20, 16):(20, 19, 32)
(20, 19):(20, 20, 33)
(21, 16):(21, 18, 34)
(23, 18):(23, 17, 35)
(23, 16):(23, 17, 36)
(24, 16):(24, 19, 37)
(24, 19):(24, 20, 38)
(25, 16):(25, 19, 39)
(26, 16):(26, 24, 40)
(26, 18):(26, 17, 41)
(27, 16):(27, 24, 42)
(27, 19):(27, 20, 43)
(28, 16):(28, 24, 44)
(41, 25):(29, 25, 45)
(41, 21):(29, 21, 46)
(41, 23):(29, 23, 47)
(30, 27):(30, 26, 48)
(31, 27):(31, 28, 49)
(32, 27):(32, 26, 50)
(35, 27):(35, 26, 51)
(36, 27):(36, 28, 52)
(37, 27):(37, 26, 53)
(38, 27):(38, 26, 54)
(39, 27):(39, 28, 55)
(40, 27):(40, 26, 56)
(42, 27):(42, 26, 57)
(43, 27):(43, 28, 58)
(44, 27):(44, 26, 59)
(45, 29):(45, 30, 60)
(46, 29):(46, 31, 61)
(47, 29):(47, 30, 62)
(48, 29):(48, 32, 63)
(49, 29):(49, 32, 64)
(50, 29):(50, 32, 65)
(51, 29):(51, 30, 66)
(52, 29):(52, 31, 67)
(53, 29):(53, 30, 68)
(54, 33):(54, 34, 69)
(55, 33):(55, 35, 70)
(56, 33):(56, 34, 71)
(57, 33):(57, 34, 72)
(58, 33):(58, 35, 73)
(59, 33):(59, 34, 74)
(12, 4):(-1, -1, 75)
(45, 4):(12, 4, 76)
(4, 4):(12, 4, 77)
(2, 4):(12, 4, 78)
(19, 4):(12, 4, 79)
(30, 4):(12, 4, 80)
(46, 4):(12, 4, 81)
(3, 4):(12, 4, 82)
(47, 4):(12, 4, 83)
(20, 4):(12, 4, 84)
(32, 4):(12, 4, 85)
(21, 4):(12, 4, 86)
(31, 4):(12, 4, 87)
(20, 20):(-1, -1, 88)
(24, 20):(20, 20, 89)
(27, 20):(20, 20, 90)
(54, 22):(-1, -1, 91)
(56, 22):(54, 22, 92)
(22, 22):(54, 22, 93)
(55, 22):(54, 22, 94)
(37, 15):(-1, -1, 95)
(35, 15):(37, 15, 96)
(13, 15):(37, 15, 97)
(14, 15):(37, 15, 98)
(36, 15):(37, 15, 99)
(15, 15):(37, 15, 100)
(5, 10):(-1, -1, 101)
(38, 10):(5, 10, 102)
(16, 10):(5, 10, 103)
(17, 10):(5, 10, 104)
(23, 10):(5, 10, 105)
(18, 10):(5, 10, 106)
(40, 10):(5, 10, 107)
(24, 10):(5, 10, 108)
(39, 10):(5, 10, 109)
(25, 10):(5, 10, 110)
(30, 9):(-1, -1, 111)
(42, 9):(30, 9, 112)
(38, 9):(30, 9, 113)
(35, 9):(30, 9, 114)
(42, 26):(30, 9, 115)
(35, 26):(30, 9, 116)
(30, 26):(30, 9, 117)
(38, 26):(30, 9, 118)
(43, 12):(-1, -1, 119)
(11, 12):(43, 12, 120)
(6, 12):(43, 12, 121)
(33, 12):(43, 12, 122)
(44, 12):(43, 12, 123)
(42, 12):(43, 12, 124)
(15, 5):(-1, -1, 125)
(15, 7):(15, 5, 126)
(18, 7):(15, 5, 127)
(4, 5):(15, 5, 128)
(18, 5):(15, 5, 129)
(4, 7):(15, 5, 130)
(6, 2):(-1, -1, 131)
(12, 2):(6, 2, 132)
(7, 2):(6, 2, 133)
(12, 0):(6, 2, 134)
(7, 0):(6, 2, 135)
(6, 0):(6, 2, 136)
(34, 21):(-1, -1, 137)
(22, 21):(34, 21, 138)
(33, 21):(34, 21, 139)
(29, 21):(34, 21, 140)
(33, 23):(34, 21, 141)
(34, 23):(34, 21, 142)
(29, 23):(34, 21, 143)
(22, 23):(34, 21, 144)
(51, 0):(-1, -1, 145)
(45, 0):(51, 0, 146)
(48, 0):(51, 0, 147)
(48, 30):(51, 0, 148)
(45, 30):(51, 0, 149)
(51, 30):(51, 0, 150)
(37, 26):(-1, -1, 151)
(44, 26):(37, 26, 152)
(40, 26):(37, 26, 153)
(32, 26):(37, 26, 154)
(44, 28):(37, 26, 155)
(32, 28):(37, 26, 156)
(37, 28):(37, 26, 157)
(40, 28):(37, 26, 158)
(16, 6):(-1, -1, 159)
(13, 6):(16, 6, 160)
(2, 6):(16, 6, 161)
(25, 18):(-1, -1, 162)
(25, 19):(25, 18, 163)
(21, 19):(25, 18, 164)
(28, 18):(25, 18, 165)
(28, 19):(25, 18, 166)
(21, 18):(25, 18, 167)
(57, 34):(-1, -1, 168)
(57, 21):(57, 34, 169)
(54, 21):(57, 34, 170)
(54, 34):(57, 34, 171)
(36, 11):(-1, -1, 172)
(31, 11):(36, 11, 173)
(43, 11):(36, 11, 174)
(39, 11):(36, 11, 175)
(39, 28):(36, 11, 176)
(36, 28):(36, 11, 177)
(31, 28):(36, 11, 178)
(43, 28):(36, 11, 179)
(3, 8):(-1, -1, 180)
(14, 8):(3, 8, 181)
(17, 8):(3, 8, 182)
(11, 9):(-1, -1, 183)
(5, 11):(11, 9, 184)
(5, 9):(11, 9, 185)
(11, 11):(11, 9, 186)
(49, 2):(-1, -1, 187)
(46, 2):(49, 2, 188)
(52, 2):(49, 2, 189)
(46, 31):(49, 2, 190)
(49, 31):(49, 2, 191)
(52, 31):(49, 2, 192)
(58, 35):(-1, -1, 193)
(55, 23):(58, 35, 194)
(55, 35):(58, 35, 195)
(58, 23):(58, 35, 196)
(59, 34):(-1, -1, 197)
(56, 35):(59, 34, 198)
(56, 34):(59, 34, 199)
(59, 35):(59, 34, 200)
(50, 31):(-1, -1, 201)
(47, 31):(50, 31, 202)
(53, 31):(50, 31, 203)
(47, 30):(50, 31, 204)
(50, 30):(50, 31, 205)
(53, 30):(50, 31, 206)
(49, 32):(-1, -1, 207)
(50, 32):(49, 32, 208)
(48, 32):(49, 32, 209)
(51, 13):(-1, -1, 210)
(53, 13):(51, 13, 211)
(52, 13):(51, 13, 212)
(34, 13):(51, 13, 213)
(7, 13):(51, 13, 214)
(27, 24):(-1, -1, 215)
(28, 24):(27, 24, 216)
(26, 24):(27, 24, 217)
(23, 17):(-1, -1, 218)
(26, 17):(23, 17, 219)
(19, 17):(23, 17, 220)
(58, 25):(-1, -1, 221)
(59, 25):(58, 25, 222)
(29, 25):(58, 25, 223)
(57, 25):(58, 25, 224)
